0.000000000000000000e+00 0.000000000000000000e+00
8.060346201202289729e-02 2.438049850589092682e-02
1.612069240240457946e-01 4.318665335357164264e-02
2.418103860360686364e-01 5.485142088662926796e-02
3.224138480480915891e-01 6.106722705740769835e-02
4.030173100601144309e-01 6.409842566200106562e-02
4.836207720721372727e-01 6.551382853628925917e-02
5.642242340841602255e-01 6.616921067337164231e-02
6.448276960961831783e-01 6.648970873530886394e-02
7.254311581082060201e-01 6.669005339969751034e-02
8.060346201202288619e-01 6.690630864306934544e-02
8.866380821322518146e-01 6.728505286923155970e-02
9.672415441442745454e-01 6.807854448442249296e-02
1.047845006156297609e+00 6.979495894394699418e-02
1.128448468168320451e+00 7.344325833260555159e-02
1.209051930180343293e+00 8.079693360674713998e-02
1.289655392192366357e+00 9.416877383139599100e-02
1.370258854204389420e+00 1.146996258324562701e-01
1.450862316216412040e+00 1.397036790571558607e-01
1.531465778228434882e+00 1.630983594801073688e-01
1.612069240240457724e+00 1.801068893220003353e-01
1.692672702252480788e+00 1.902245708067822894e-01
1.773276164264503629e+00 1.955344110446970707e-01
1.853879626276526471e+00 1.982343085563574581e-01
1.934483088288549091e+00 1.998193491575666059e-01
2.015086550300572377e+00 2.012875089625537073e-01
2.095690012312595218e+00 2.035771945294572449e-01
2.176293474324618504e+00 2.080152685992735506e-01
2.256896936336640902e+00 2.166322257287866815e-01
2.337500398348663744e+00 2.317203505547730247e-01
2.418103860360686586e+00 2.537363396565531781e-01
2.498707322372709871e+00 2.789539312815678684e-01
2.579310784384732713e+00 3.011177985565546833e-01
2.659914246396755555e+00 3.163896178156923034e-01
2.740517708408778841e+00 3.251356173017873052e-01
2.821121170420801239e+00 3.296265785796645975e-01
2.901724632432824080e+00 3.318929125924593437e-01
2.982328094444846922e+00 3.332375520323231366e-01
3.062931556456869764e+00 3.345197079204198509e-01
3.143535018468893494e+00 3.365652588655200228e-01
3.224138480480915447e+00 3.405788868634706534e-01
3.304741942492937845e+00 3.484733952750903030e-01
3.385345404504961575e+00 3.625787584891367321e-01
3.465948866516984417e+00 3.837701884617494841e-01
3.546552328529007259e+00 4.089145041111600931e-01
3.627155790541029656e+00 4.318192268496694464e-01
3.707759252553052942e+00 4.480931446880115909e-01
3.788362714565075784e+00 4.576257615788271726e-01
3.868966176577098182e+00 4.626086810195682575e-01
3.949569638589121467e+00 4.651972888313511412e-01
4.030173100601144753e+00 4.668573659683969979e-01
4.110776562613167151e+00 4.686398973067396057e-01
4.191380024625190437e+00 4.716556470831371195e-01
4.271983486637212835e+00 4.775323158565443760e-01
4.352586948649237009e+00 4.885551179174900116e-01
4.433190410661258518e+00 5.066224006395438906e-01
4.513793872673281804e+00 5.306377499701957490e-01
4.594397334685304202e+00 5.553392582020908463e-01
4.675000796697327488e+00 5.749062871609517122e-01
4.755604258709349885e+00 5.873147713953171811e-01
4.836207720721373171e+00 5.940722195970382646e-01
4.916811182733397345e+00 5.975285269586535497e-01
4.997414644745419743e+00 5.994585977437819624e-01
5.078018106757441252e+00 6.010415044583624633e-01
5.158621568769465426e+00 6.032880805766477339e-01
5.239225030781487824e+00 6.075199124700370046e-01
5.319828492793511110e+00 6.157302262757824440e-01
5.400431954805533508e+00 6.302518666672208836e-01
5.481035416817557682e+00 6.517987615438050053e-01
5.561638878829579191e+00 6.769910715230662568e-01
5.642242340841602477e+00 6.995991508397164660e-01
5.722845802853623987e+00 7.154582606314510151e-01
5.803449264865648161e+00 7.246644055720545818e-01
5.884052726877670558e+00 7.294518312459000731e-01
5.964656188889693844e+00 7.319344255212684169e-01
6.045259650901717130e+00 7.335300284793085934e-01
6.125863112913739528e+00 7.352522417918320174e-01
6.206466574925762814e+00 7.381773437209300237e-01
6.287070036937786988e+00 7.438952777827302354e-01
6.367673498949808497e+00 7.546687922667638659e-01
6.448276960961830895e+00 7.724515477760204307e-01
6.528880422973855069e+00 7.963105450910671346e-01
6.609483884985875690e+00 8.211071745343205830e-01
6.690087346997898976e+00 8.409396574503035238e-01
6.770690809009923150e+00 8.536062922757731153e-01
6.851294271021945548e+00 8.605230247186436143e-01
6.931897733033968834e+00 8.640352555926436029e-01
7.012501195045991231e+00 8.659230759759657392e-01
7.093104657058014517e+00 8.673320858082669282e-01
7.173708119070037803e+00 8.691699879113288230e-01
7.254311581082059313e+00 8.725586948506038887e-01
7.334915043094083487e+00 8.792389402050418967e-01
7.415518505106105884e+00 8.915467542118064026e-01
7.496121967118129170e+00 9.110135784858732766e-01
7.576725429130151568e+00 9.356734556134203018e-01
7.657328891142174854e+00 9.597320549331846973e-01
7.737932353154196363e+00 9.778788867210495006e-01
7.818535815166220537e+00 9.889456324334090498e-01
7.899139277178242935e+00 9.947797347806331958e-01
7.979742739190266221e+00 9.976065031008165551e-01
8.060346201202289507e+00 9.989180841194450489e-01
