0.000000000000000000e+00 0.000000000000000000e+00
8.060346201202288688e-03 3.109828960053887328e-02
1.612069240240457738e-02 6.147658333704762029e-02
2.418103860360686433e-02 9.048946425832166129e-02
3.224138480480915475e-02 1.176243878133154952e-01
4.030173100601144864e-02 1.425332484989031978e-01
4.836207720721372866e-02 1.650354395453973722e-01
5.642242340841602255e-02 1.850981353063969048e-01
6.448276960961830950e-02 2.028033393607238111e-01
7.254311581082059646e-02 2.183111554768998874e-01
8.060346201202289729e-02 2.318261884822246099e-01
8.866380821322515648e-02 2.435707442501990616e-01
9.672415441442745732e-02 2.537657975952879452e-01
1.047845006156297581e-01 2.626189999633022909e-01
1.128448468168320451e-01 2.703182352588401893e-01
1.209051930180343182e-01 2.770291076221365612e-01
1.289655392192366190e-01 2.828949574152707647e-01
1.370258854204389198e-01 2.880383330325801960e-01
1.450862316216411929e-01 2.925631725148239437e-01
1.531465778228434660e-01 2.965572166628719364e-01
1.612069240240457946e-01 3.000943722547009251e-01
1.692672702252480676e-01 3.032368777863978515e-01
1.773276164264503130e-01 3.060372090159494407e-01
1.853879626276526416e-01 3.085397118021462881e-01
1.934483088288549146e-01 3.107819769139648081e-01
2.015086550300572155e-01 3.127959842260422674e-01
2.095690012312595163e-01 3.146090480172053505e-01
2.176293474324617616e-01 3.162445945766441113e-01
2.256896936336640902e-01 3.177228006000909488e-01
2.337500398348663633e-01 3.190611171681448366e-01
2.418103860360686364e-01 3.202747002511830976e-01
2.498707322372709372e-01 3.213767651700960570e-01
2.579310784384732380e-01 3.223788792628394795e-01
2.659914246396755666e-01 3.232912043220166343e-01
2.740517708408778397e-01 3.241226981998575618e-01
2.821121170420801127e-01 3.248812831252608779e-01
2.901724632432823858e-01 3.255739868063245446e-01
2.982328094444846589e-01 3.262070612393904168e-01
3.062931556456869320e-01 3.267860831532326538e-01
3.143535018468892606e-01 3.273160393050336125e-01
3.224138480480915891e-01 3.278013992066743376e-01
3.304741942492938067e-01 3.282461773781110148e-01
3.385345404504961353e-01 3.286539868775884554e-01
3.465948866516984084e-01 3.290280854661049581e-01
3.546552328529006259e-01 3.293714155934177046e-01
3.627155790541030100e-01 3.296866391614724501e-01
3.707759252553052831e-01 3.299761678185047509e-01
3.788362714565075562e-01 3.302421894824553728e-01
3.868966176577098293e-01 3.304866916086999229e-01
3.949569638589121578e-01 3.307114816795991286e-01
4.030173100601144309e-01 3.309182052839728105e-01
4.110776562613167040e-01 3.311083621193631199e-01
4.191380024625190326e-01 3.312833202069566108e-01
4.271983486637213057e-01 3.314443285205307399e-01
4.352586948649235232e-01 3.315925282498531912e-01
4.433190410661259073e-01 3.317289628799173773e-01
4.513793872673281804e-01 3.318545871965000726e-01
4.594397334685305090e-01 3.319702753781489379e-01
4.675000796697327266e-01 3.320768282703702168e-01
4.755604258709350551e-01 3.321749799250446333e-01
4.836207720721372727e-01 3.322654035113949966e-01
4.916811182733396013e-01 3.323487166442289920e-01
4.997414644745418744e-01 3.324254862128828703e-01
5.078018106757441474e-01 3.324962327495613601e-01
5.158621568769464760e-01 3.325614343933492867e-01
5.239225030781488046e-01 3.326215304892234381e-01
5.319828492793511332e-01 3.326769248574665827e-01
5.400431954805534618e-01 3.327279887786412371e-01
5.481035416817556793e-01 3.327750637059486150e-01
5.561638878829578969e-01 3.328184637226013209e-01
5.642242340841602255e-01 3.328584778169669800e-01
5.722845802853625541e-01 3.328953719420313928e-01
5.803449264865647717e-01 3.329293908880475716e-01
5.884052726877671002e-01 3.329607600145165769e-01
5.964656188889693178e-01 3.329896868218474859e-01
6.045259650901716464e-01 3.330163623998857458e-01
6.125863112913738640e-01 3.330409627447055154e-01
6.206466574925763036e-01 3.330636499783868887e-01
6.287070036937785211e-01 3.330845734569918837e-01
6.367673498949808497e-01 3.331038707820660472e-01
6.448276960961831783e-01 3.331216687588949843e-01
6.528880422973853959e-01 3.331380842372250184e-01
6.609483884985876134e-01 3.331532249024052317e-01
6.690087346997899420e-01 3.331671900162246902e-01
6.770690809009922706e-01 3.331800710680915545e-01
6.851294271021947102e-01 3.331919523940313210e-01
6.931897733033968168e-01 3.332029117445790001e-01
7.012501195045990343e-01 3.332130207982051395e-01
7.093104657058012519e-01 3.332223456397627737e-01
7.173708119070036915e-01 3.332309472023800012e-01
7.254311581082060201e-01 3.332388816696957856e-01
7.334915043094083487e-01 3.332462008484762817e-01
7.415518505106105662e-01 3.332529525114002467e-01
7.496121967118127838e-01 3.332591807176300547e-01
7.576725429130151124e-01 3.332649260906694333e-01
7.657328891142174410e-01 3.332702260965973995e-01
7.737932353154196585e-01 3.332751152939759098e-01
7.818535815166220981e-01 3.332796255508471139e-01
7.899139277178243157e-01 3.332837862607194168e-01
7.979742739190266443e-01 3.332876245323431186e-01
8.060346201202288619e-01 3.332911653682023578e-01
8.140949663214313015e-01 3.332944318333455058e-01
8.221553125226334080e-01 3.332974452007788080e-01
8.302156587238357366e-01 3.333002250879501527e-01
8.382760049250380652e-01 3.333027895976765076e-01
8.463363511262403938e-01 3.333051554220467505e-01
8.543966973274426113e-01 3.333073379614159282e-01
8.624570435286448289e-01 3.333093514219618303e-01
8.705173897298470465e-01 3.333112089028967828e-01
8.785777359310494861e-01 3.333129224929897161e-01
8.866380821322518146e-01 3.333145033423810522e-01
8.946984283334540322e-01 3.333159617381594719e-01
9.027587745346563608e-01 3.333173071674788157e-01
9.108191207358585784e-01 3.333185483808879246e-01
9.188794669370610180e-01 3.333196934534254918e-01
9.269398131382632355e-01 3.333207498329757712e-01
9.350001593394654531e-01 3.333217243906678728e-01
9.430605055406677817e-01 3.333226234669505739e-01
9.511208517418701103e-01 3.333234529054195372e-01
9.591811979430723278e-01 3.333242181032643470e-01
9.672415441442745454e-01 3.333249240376436884e-01
9.753018903454769850e-01 3.333255752965504914e-01
9.833622365466792026e-01 3.333261761155543734e-01
9.914225827478816422e-01 3.333267304010973930e-01
9.994829289490837487e-01 3.333272417610301241e-01
1.007543275150286188e+00 3.333277135161304416e-01
1.015603621351488295e+00 3.333281487336012816e-01
1.023663967552690623e+00 3.333285502477105755e-01
1.031724313753892952e+00 3.333289206650332237e-01
1.039784659955095281e+00 3.333292623952929246e-01
1.047845006156297609e+00 3.333295776610940564e-01
1.055905352357499716e+00 3.333298685107805026e-01
1.063965698558702266e+00 3.333301368343264959e-01
1.072026044759904373e+00 3.333303843791101673e-01
1.080086390961106924e+00 3.333306127536512786e-01
1.088146737162309252e+00 3.333308234406343051e-01
1.096207083363511359e+00 3.333310178126113188e-01
1.104267429564713909e+00 3.333311971308972055e-01
1.112327775765915794e+00 3.333313625635528354e-01
1.120388121967118122e+00 3.333315151845624436e-01
1.128448468168320451e+00 3.333316559851171035e-01
1.136508814369522558e+00 3.333317858833466651e-01
1.144569160570725108e+00 3.333319057195948676e-01
1.152629506771927215e+00 3.333320162756719940e-01
1.160689852973129543e+00 3.333321182749017786e-01
1.168750199174331872e+00 3.333322123732592179e-01
1.176810545375534200e+00 3.333322991798219337e-01
1.184870891576736529e+00 3.333323792689470988e-01
1.192931237777938636e+00 3.333324531558001791e-01
1.200991583979141186e+00 3.333325213178406354e-01
1.209051930180343293e+00 3.333325842048597276e-01
1.217112276381545621e+00 3.333326422194222149e-01
1.225172622582747728e+00 3.333326957414553537e-01
1.233232968783950056e+00 3.333327451215490900e-01
1.241293314985152607e+00 3.333327906754786629e-01
1.249353661186354936e+00 3.333328327017179848e-01
1.257414007387557042e+00 3.333328714766675138e-01
1.265474353588759371e+00 3.333329072469672916e-01
1.273534699789961699e+00 3.333329402469863423e-01
1.281595045991164028e+00 3.333329706926875247e-01
1.289655392192366357e+00 3.333329987809691697e-01
1.297715738393568685e+00 3.333330246951656806e-01
1.305776084594770792e+00 3.333330486011925609e-01
1.313836430795973120e+00 3.333330706571138169e-01
1.321896776997175227e+00 3.333330910058545649e-01
1.329957123198377777e+00 3.333331097795737552e-01
1.338017469399579884e+00 3.333331271007920482e-01
1.346077815600782435e+00 3.333331430805114848e-01
1.354138161801984541e+00 3.333331578226584879e-01
1.362198508003186870e+00 3.333331714228849330e-01
1.370258854204389420e+00 3.333331839739746005e-01
1.378319200405591749e+00 3.333331955531728119e-01
1.386379546606793634e+00 3.333332062346925917e-01
1.394439892807995962e+00 3.333332160919006415e-01
1.402500239009198069e+00 3.333332251877734187e-01
1.410560585210400619e+00 3.333332335796925783e-01
1.418620931411602504e+00 3.333332413217721668e-01
1.426681277612805054e+00 3.333332484671626128e-01
1.434741623814007383e+00 3.333332550610215717e-01
1.442801970015209712e+00 3.333332611438994397e-01
1.450862316216412040e+00 3.333332667599196442e-01
1.458922662417614147e+00 3.333332719439672798e-01
1.466983008618816697e+00 3.333332767266018459e-01
1.475043354820019026e+00 3.333332811412040853e-01
1.483103701021221132e+00 3.333332852180044825e-01
1.491164047222423461e+00 3.333332889827437251e-01
1.499224393423625568e+00 3.333332924567194433e-01
1.507284739624827896e+00 3.333332956667536817e-01
1.515345085826030225e+00 3.333332986328513270e-01
1.523405432027232553e+00 3.333333013700570113e-01
1.531465778228434882e+00 3.333333039023248512e-01
1.539526124429637433e+00 3.333333062425134496e-01
1.547586470630839317e+00 3.333333084051034456e-01
1.555646816832041868e+00 3.333333104078664566e-01
1.563707163033244196e+00 3.333333122607693988e-01
1.571767509234446747e+00 3.333333139764830255e-01
1.579827855435648631e+00 3.333333155658677605e-01
1.587888201636850960e+00 3.333333170390316846e-01
1.595948547838053289e+00 3.333333184086923473e-01
1.604008894039255395e+00 3.333333196827248379e-01
1.612069240240457724e+00 3.333333208640674172e-01
1.620129586441660052e+00 3.333333219660724600e-01
1.628189932642862603e+00 3.333333229943346576e-01
1.636250278844064932e+00 3.333333239543312954e-01
1.644310625045266816e+00 3.333333248536552440e-01
1.652370971246468923e+00 3.333333256976191428e-01
1.660431317447671473e+00 3.333333264941450991e-01
1.668491663648873802e+00 3.333333272449960916e-01
1.676552009850076130e+00 3.333333279558609030e-01
1.684612356051278237e+00 3.333333286313000521e-01
1.692672702252480788e+00 3.333333292751451404e-01
1.700733048453682894e+00 3.333333298956003832e-01
1.708793394654885223e+00 3.333333304929948504e-01
1.716853740856087551e+00 3.333333310699377883e-01
1.724914087057289658e+00 3.333333316344688213e-01
1.732974433258492208e+00 3.333333321862824161e-01
1.741034779459694093e+00 3.333333327308556360e-01
1.749095125660896866e+00 3.333333332736422294e-01
1.757155471862098972e+00 3.333333338139136681e-01
1.765215818063301301e+00 3.333333343570059060e-01
1.773276164264503629e+00 3.333333349071503915e-01
1.781336510465705736e+00 3.333333354683904459e-01
1.789396856666908064e+00 3.333333360433353154e-01
1.797457202868110393e+00 3.333333366351584615e-01
1.805517549069312722e+00 3.333333372497367941e-01
1.813577895270514828e+00 3.333333378884808518e-01
1.821638241471717157e+00 3.333333385566796259e-01
1.829698587672919707e+00 3.333333392598575307e-01
1.837758933874122036e+00 3.333333400013290815e-01
1.845819280075324365e+00 3.333333407852784869e-01
1.853879626276526471e+00 3.333333416174417141e-01
1.861939972477729022e+00 3.333333425045887921e-01
1.870000318678930906e+00 3.333333434515622917e-01
1.878060664880133457e+00 3.333333444644506205e-01
1.886121011081335563e+00 3.333333455486370278e-01
1.894181357282537892e+00 3.333333467122785443e-01
1.902241703483740221e+00 3.333333479636969021e-01
1.910302049684942327e+00 3.333333493082045740e-01
1.918362395886144656e+00 3.333333507580256150e-01
1.926422742087346984e+00 3.333333523235972873e-01
1.934483088288549091e+00 3.333333540100911763e-01
1.942543434489751419e+00 3.333333558317528866e-01
1.950603780690953970e+00 3.333333577975151063e-01
1.958664126892156299e+00 3.333333599232689015e-01
1.966724473093358405e+00 3.333333622233068394e-01
1.974784819294560734e+00 3.333333647104405051e-01
1.982845165495763284e+00 3.333333674018537085e-01
1.990905511696965391e+00 3.333333703140957671e-01
1.998965857898167497e+00 3.333333734667013326e-01
2.007026204099370048e+00 3.333333768794872198e-01
2.015086550300572377e+00 3.333333805757962565e-01
2.023146896501774705e+00 3.333333845803583273e-01
2.031207242702976590e+00 3.333333889189610266e-01
2.039267588904179362e+00 3.333333936168982881e-01
2.047327935105381247e+00 3.333333987052941594e-01
2.055388281306583576e+00 3.333334042209376014e-01
2.063448627507785904e+00 3.333334101976558328e-01
2.071508973708988233e+00 3.333334166721676484e-01
2.079569319910190561e+00 3.333334236900772352e-01
2.087629666111392890e+00 3.333334312945208100e-01
2.095690012312595218e+00 3.333334395363450331e-01
2.103750358513797547e+00 3.333334484670545383e-01
2.111810704714999432e+00 3.333334581477688241e-01
2.119871050916201760e+00 3.333334686426160931e-01
2.127931397117404533e+00 3.333334800115402841e-01
2.135991743318606417e+00 3.333334923340905975e-01
2.144052089519808746e+00 3.333335056922609452e-01
2.152112435721011074e+00 3.333335201718299889e-01
2.160172781922213847e+00 3.333335358653464198e-01
2.168233128123415732e+00 3.333335528757963573e-01
2.176293474324618504e+00 3.333335713123248834e-01
2.184353820525820389e+00 3.333335912957131608e-01
2.192414166727022717e+00 3.333336129554870797e-01
2.200474512928225046e+00 3.333336364330909962e-01
2.208534859129427819e+00 3.333336618828040554e-01
2.216595205330629259e+00 3.333336894656288574e-01
2.224655551531831588e+00 3.333337193679086763e-01
2.232715897733034360e+00 3.333337517774209724e-01
2.240776243934236245e+00 3.333337869020890354e-01
2.248836590135439018e+00 3.333338249796200525e-01
2.256896936336640902e+00 3.333338662543736119e-01
2.264957282537843675e+00 3.333339109900563813e-01
2.273017628739045115e+00 3.333339594815925566e-01
2.281077974940247444e+00 3.333340120440287380e-01
2.289138321141450216e+00 3.333340690181992305e-01
2.297198667342652101e+00 3.333341307753099336e-01
2.305259013543854429e+00 3.333341977144701485e-01
2.313319359745056758e+00 3.333342702739758856e-01
2.321379705946259087e+00 3.333343489232472034e-01
2.329440052147461415e+00 3.333344341734296723e-01
2.337500398348663744e+00 3.333345265784996014e-01
2.345560744549865628e+00 3.333346267410700059e-01
2.353621090751068401e+00 3.333347353120382772e-01
2.361681436952270285e+00 3.333348529954990314e-01
2.369741783153473058e+00 3.333349805584764347e-01
2.377802129354674943e+00 3.333351188259874864e-01
2.385862475555877271e+00 3.333352687002239523e-01
2.393922821757079600e+00 3.333354311571204986e-01
2.401983167958282372e+00 3.333356072472008491e-01
2.410043514159483813e+00 3.333357981182625274e-01
2.418103860360686586e+00 3.333360050133318264e-01
2.426164206561888914e+00 3.333362292710158603e-01
2.434224552763091243e+00 3.333364723532421525e-01
2.442284898964293571e+00 3.333367358403684366e-01
2.450345245165495456e+00 3.333370214423491684e-01
2.458405591366698673e+00 3.333373310186458771e-01
2.466465937567900113e+00 3.333376665784389403e-01
2.474526283769102442e+00 3.333380303017374202e-01
2.482586629970305214e+00 3.333384245532248213e-01
2.490646976171507543e+00 3.333388518979381598e-01
2.498707322372709871e+00 3.333393151127873599e-01
2.506767668573911756e+00 3.333398172049845121e-01
2.514828014775114085e+00 3.333403614397827952e-01
2.522888360976316413e+00 3.333409513515485090e-01
2.530948707177518742e+00 3.333415907757547592e-01
2.539009053378720626e+00 3.333422838683279821e-01
2.547069399579923399e+00 3.333430351292259175e-01
2.555129745781125283e+00 3.333438494442572675e-01
2.563190091982328056e+00 3.333447321013254805e-01
2.571250438183530385e+00 3.333456888362681392e-01
2.579310784384732713e+00 3.333467258655559151e-01
2.587371130585935042e+00 3.333478499252207072e-01
2.595431476787137370e+00 3.333490683178236269e-01
2.603491822988339255e+00 3.333503889587645652e-01
2.611552169189541583e+00 3.333518204282338582e-01
2.619612515390743912e+00 3.333533720189319483e-01
2.627672861591946241e+00 3.333550538110819916e-01
2.635733207793148569e+00 3.333568767253683451e-01
2.643793553994350454e+00 3.333588526022979726e-01
2.651853900195553226e+00 3.333609942711474039e-01
2.659914246396755555e+00 3.333633156333438152e-01
2.667974592597957439e+00 3.333658317618544142e-01
2.676034938799159768e+00 3.333685589910083680e-01
2.684095285000362541e+00 3.333715150191536303e-01
2.692155631201564869e+00 3.333747190300966334e-01
2.700215977402766754e+00 3.333781918161163871e-01
2.708276323603969082e+00 3.333819559057512039e-01
2.716336669805171855e+00 3.333860357157974463e-01
2.724397016006373740e+00 3.333904577066937880e-01
2.732457362207575624e+00 3.333952505499414576e-01
2.740517708408778841e+00 3.334004453207001784e-01
2.748578054609980725e+00 3.334060756896796152e-01
2.756638400811183498e+00 3.334121781348239333e-01
2.764698747012385383e+00 3.334187921957088574e-01
2.772759093213587267e+00 3.334259607039620210e-01
2.780819439414789596e+00 3.334337300687605365e-01
2.788879785615991924e+00 3.334421505774439742e-01
2.796940131817194253e+00 3.334512767080692885e-01
2.805000478018396137e+00 3.334611674808471982e-01
2.813060824219598466e+00 3.334718868303821471e-01
2.821121170420801239e+00 3.334835040231877157e-01
2.829181516622003123e+00 3.334960940804918561e-01
2.837241862823205008e+00 3.335097382640411778e-01
2.845302209024408224e+00 3.335245245913838197e-01
2.853362555225610109e+00 3.335405483811480498e-01
2.861422901426811993e+00 3.335579128579359010e-01
2.869483247628014766e+00 3.335767298003285974e-01
2.877543593829217095e+00 3.335971202377646105e-01
2.885603940030419423e+00 3.336192151975356790e-01
2.893664286231621308e+00 3.336431565259010412e-01
2.901724632432824080e+00 3.336690977651269319e-01
2.909784978634026409e+00 3.336972050880240848e-01
2.917845324835228293e+00 3.337276583241414740e-01
2.925905671036430622e+00 3.337606520543666688e-01
2.933966017237633395e+00 3.337963967778818652e-01
2.942026363438835279e+00 3.338351201941885948e-01
2.950086709640038052e+00 3.338770685592754028e-01
2.958147055841239936e+00 3.339225081365672088e-01
2.966207402042442265e+00 3.339717267725111349e-01
2.974267748243644593e+00 3.340250355785569503e-01
2.982328094444846922e+00 3.340827707237163380e-01
2.990388440646048807e+00 3.341452953587172869e-01
2.998448786847251135e+00 3.342130016678974136e-01
3.006509133048453464e+00 3.342863130562884200e-01
3.014569479249655792e+00 3.343656864840693910e-01
3.022629825450858565e+00 3.344516149476350897e-01
3.030690171652060450e+00 3.345446300949629914e-01
3.038750517853263222e+00 3.346453050219634351e-01
3.046810864054465107e+00 3.347542572144585060e-01
3.054871210255667879e+00 3.348721516249529850e-01
3.062931556456869764e+00 3.349997039506989460e-01
3.070991902658072092e+00 3.351376840300028248e-01
3.079052248859274865e+00 3.352869193834560058e-01
3.087112595060476306e+00 3.354482989213630750e-01
3.095172941261678634e+00 3.356227767438123011e-01
3.103233287462881407e+00 3.358113760654771740e-01
3.111293633664083735e+00 3.360151932091770544e-01
3.119353979865285176e+00 3.362354016571953430e-01
3.127414326066488393e+00 3.364732561143516376e-01
3.135474672267690277e+00 3.367300965353421938e-01
3.143535018468893494e+00 3.370073520777742693e-01
3.151595364670094490e+00 3.373065448709244296e-01
3.159655710871297263e+00 3.376292935763161585e-01
3.167716057072500035e+00 3.379773166073917756e-01
3.175776403273701920e+00 3.383524349133572029e-01
3.183836749474904249e+00 3.387565742078512132e-01
3.191897095676106577e+00 3.391917664888655648e-01
3.199957441877308906e+00 3.396601506840242202e-01
3.208017788078510790e+00 3.401639722760628759e-01
3.216078134279713563e+00 3.407055816667349801e-01
3.224138480480915447e+00 3.412874310619588569e-01
3.232198826682118664e+00 3.419120696856340347e-01
3.240259172883320105e+00 3.425821370052680725e-01
3.248319519084522433e+00 3.433003537412057660e-01
3.256379865285725206e+00 3.440695103750902595e-01
3.264440211486927534e+00 3.448924528698249503e-01
3.272500557688129863e+00 3.457720653159621627e-01
3.280560903889330859e+00 3.467112492705246019e-01
3.288621250090533632e+00 3.477128995433845238e-01
3.296681596291735961e+00 3.487798762232509064e-01
3.304741942492937845e+00 3.499149728309723373e-01
3.312802288694140618e+00 3.511208805527876731e-01
3.320862634895342946e+00 3.524001485656045318e-01
3.328922981096545275e+00 3.537551406439919943e-01
3.336983327297747604e+00 3.551879883413152639e-01
3.345043673498949488e+00 3.567005412206643578e-01
3.353104019700152261e+00 3.582943147682091101e-01
3.361164365901354145e+00 3.599704368075542504e-01
3.369224712102556474e+00 3.617295935059355316e-01
3.377285058303759246e+00 3.635719761253904947e-01
3.385345404504961575e+00 3.654972299766920396e-01
3.393405750706163015e+00 3.675044071344971131e-01
3.401466096907365788e+00 3.695919245924661478e-01
3.409526443108568561e+00 3.717575295853304262e-01
3.417586789309770445e+00 3.739982738701606579e-01
3.425647135510972774e+00 3.763104985939252911e-01
3.433707481712175102e+00 3.786898312193995864e-01
3.441767827913377431e+00 3.811311958115733978e-01
3.449828174114579316e+00 3.836288375089366154e-01
3.457888520315781644e+00 3.861763616594101056e-01
3.465948866516984417e+00 3.887667875972689036e-01
3.474009212718185857e+00 3.913926164658767526e-01
3.482069558919388186e+00 3.940459119760214568e-01
3.490129905120590958e+00 3.967183924465951805e-01
3.498190251321793731e+00 3.994015319726251789e-01
3.506250597522995616e+00 4.020866681494341677e-01
3.514310943724197944e+00 4.047651135361035601e-01
3.522371289925400273e+00 4.074282678040861416e-01
3.530431636126602601e+00 4.100677275225913521e-01
3.538491982327804486e+00 4.126753906232981661e-01
3.546552328529007259e+00 4.152435528418639832e-01
3.554612674730210031e+00 4.177649938192634638e-01
3.562673020931411472e+00 4.202330509231266276e-01
3.570733367132614244e+00 4.226416794874214844e-01
3.578793713333816129e+00 4.249854985950396458e-01
3.586854059535018902e+00 4.272598221495250148e-01
3.594914405736220786e+00 4.294606754981204477e-01
3.602974751937423115e+00 4.315847982720772413e-01
3.611035098138625443e+00 4.336296345626399762e-01
3.619095444339827772e+00 4.355933118111814384e-01
3.627155790541029656e+00 4.374746100030150742e-01
3.635216136742232873e+00 4.392729228938798691e-01
3.643276482943434313e+00 4.409882130243725773e-01
3.651336829144636642e+00 4.426209622343066363e-01
3.659397175345839415e+00 4.441721192992423295e-01
3.667457521547041743e+00 4.456430461909394736e-01
3.675517867748244072e+00 4.470354642660185340e-01
3.683578213949445956e+00 4.483514014891125665e-01
3.691638560150648729e+00 4.495931416354635446e-01
3.699698906351850614e+00 4.507631761997181741e-01
3.707759252553052942e+00 4.518641595416495460e-01
3.715819598754255271e+00 4.528988676548690862e-01
3.723879944955458043e+00 4.538701607802260174e-01
3.731940291156659484e+00 4.547809499635427910e-01
3.740000637357861812e+00 4.556341675274797609e-01
3.748060983559064585e+00 4.564327413915195697e-01
3.756121329760266914e+00 4.571795730475460284e-01
3.764181675961469242e+00 4.578775189668972123e-01
3.772242022162671127e+00 4.585293752413360790e-01
3.780302368363873011e+00 4.591378651328782978e-01
3.788362714565075784e+00 4.597056292811593226e-01
3.796423060766277668e+00 4.602352182913751477e-01
3.804483406967480441e+00 4.607290874234362676e-01
3.812543753168682770e+00 4.611895931293455986e-01
3.820604099369884654e+00 4.616189911936901535e-01
3.828664445571087427e+00 4.620194362398669652e-01
3.836724791772289311e+00 4.623929824107176900e-01
3.844785137973491640e+00 4.627415850359107852e-01
3.852845484174693969e+00 4.630671031092258305e-01
3.860905830375895853e+00 4.633713024305803896e-01
3.868966176577098182e+00 4.636558592881875329e-01
3.877026522778300954e+00 4.639223645681497255e-01
3.885086868979502839e+00 4.641723281975982940e-01
3.893147215180705611e+00 4.644071838305013911e-01
3.901207561381907940e+00 4.646282937097537258e-01
3.909267907583110269e+00 4.648369536771748134e-01
3.917328253784312597e+00 4.650343982356003880e-01
3.925388599985514482e+00 4.652218056591398976e-01
3.933448946186716810e+00 4.654003031388834755e-01
3.941509292387918695e+00 4.655709718848616840e-01
3.949569638589121467e+00 4.657348522451889572e-01
3.957629984790323796e+00 4.658929487717511364e-01
3.965690330991526569e+00 4.660462352400305264e-01
3.973750677192728009e+00 4.661956596645107087e-01
3.981811023393930782e+00 4.663421492375652289e-01
3.989871369595133110e+00 4.664866152622343387e-01
3.997931715796334995e+00 4.666299580481418352e-01
4.005992061997536879e+00 4.667730717930254070e-01
4.014052408198740096e+00 4.669168494443798334e-01
4.022112754399942425e+00 4.670621875690457170e-01
4.030173100601144753e+00 4.672099912220221141e-01
4.038233446802346194e+00 4.673611788258345001e-01
4.046293793003549411e+00 4.675166870998085367e-01
4.054354139204750851e+00 4.676774759780138457e-01
4.062414485405953180e+00 4.678445335987636566e-01
4.070474831607156396e+00 4.680188813142607263e-01
4.078535177808358725e+00 4.682015787328957512e-01
4.086595524009561053e+00 4.683937288217234762e-01
4.094655870210762494e+00 4.685964830111021273e-01
4.102716216411964822e+00 4.688110463215244827e-01
4.110776562613167151e+00 4.690386824873448712e-01
4.118836908814369480e+00 4.692807190593502598e-01
4.126897255015571808e+00 4.695385524555204526e-01
4.134957601216775025e+00 4.698136528832500547e-01
4.143017947417976465e+00 4.701075691315269034e-01
4.151078293619178794e+00 4.704219331588784803e-01
4.159138639820381123e+00 4.707584643799053725e-01
4.167198986021583451e+00 4.711189735720288652e-01
4.175259332222785780e+00 4.715053663205056589e-01
4.183319678423988108e+00 4.719196458540355077e-01
4.191380024625190437e+00 4.723639151498991162e-01
4.199440370826392765e+00 4.728403781398897165e-01
4.207500717027595094e+00 4.733513398389925242e-01
4.215561063228797423e+00 4.738992052319316306e-01
4.223621409429998863e+00 4.744864766604126594e-01
4.231681755631202080e+00 4.751157494835093753e-01
4.239742101832403520e+00 4.757897057818084585e-01
4.247802448033606737e+00 4.765111058353058704e-01
4.255862794234809066e+00 4.772827770745837750e-01
4.263923140436011394e+00 4.781076002328155106e-01
4.271983486637212835e+00 4.789884924635253172e-01
4.280043832838415163e+00 4.799283871188816386e-01
4.288104179039617492e+00 4.809302099479961790e-01
4.296164525240820709e+00 4.819968515889941907e-01
4.304224871442022149e+00 4.831311361410309257e-01
4.312285217643224478e+00 4.843357857920910226e-01
4.320345563844427694e+00 4.856133815571055390e-01
4.328405910045629135e+00 4.869663202525292278e-01
4.336466256246831463e+00 4.883967680021604196e-01
4.344526602448033792e+00 4.899066107671551373e-01
4.352586948649237009e+00 4.914974024840184086e-01
4.360647294850438449e+00 4.931703116534084663e-01
4.368707641051640778e+00 4.949260674287975781e-01
4.376767987252843994e+00 4.967649063660659614e-01
4.384828333454045435e+00 4.986865212720772433e-01
4.392888679655247763e+00 5.006900137048502231e-01
4.400949025856450092e+00 5.027738517917696992e-01
4.409009372057652421e+00 5.049358351259825017e-01
4.417069718258855637e+00 5.071730684679714996e-01
4.425130064460057078e+00 5.094819459373221004e-01
4.433190410661258518e+00 5.118581472076220162e-01
4.441250756862461735e+00 5.142966469410759078e-01
4.449311103063663175e+00 5.167917383836213574e-01
4.457371449264865504e+00 5.193370716027357892e-01
4.465431795466068721e+00 5.219257063809034092e-01
4.473492141667271937e+00 5.245501792048454792e-01
4.481552487868472490e+00 5.272025832789997146e-01
4.489612834069674818e+00 5.298746599339452246e-01
4.497673180270878035e+00 5.325578993033383002e-01
4.505733526472080364e+00 5.352436477539717075e-01
4.513793872673281804e+00 5.379232192084754116e-01
4.521854218874484133e+00 5.405880073750775061e-01
4.529914565075687349e+00 5.432295957769250894e-01
4.537974911276887013e+00 5.458398626622872341e-01
4.546035257478090230e+00 5.484110780517568173e-01
4.554095603679292559e+00 5.509359905626765030e-01
4.562155949880494887e+00 5.534079020897691992e-01
4.570216296081697216e+00 5.558207289233869641e-01
4.578276642282900433e+00 5.581690484975704303e-01
4.586336988484102761e+00 5.604481314073170850e-01
4.594397334685304202e+00 5.626539589256155383e-01
4.602457680886506530e+00 5.647832267144241580e-01
4.610518027087708859e+00 5.668333357806545347e-01
4.618578373288911187e+00 5.688023720266317529e-01
4.626638719490113516e+00 5.706890760336849056e-01
4.634699065691315845e+00 5.724928047454969082e-01
4.642759411892518173e+00 5.742134868279106241e-01
4.650819758093720502e+00 5.758515734321363322e-01
4.658880104294922830e+00 5.774079859610889986e-01
4.666940450496124271e+00 5.788840623981080791e-01
4.675000796697327488e+00 5.802815034612502920e-01
4.683061142898529816e+00 5.816023197204931439e-01
4.691121489099731257e+00 5.828487806852391540e-01
4.699181835300933585e+00 5.840233665026496324e-01
4.707242181502136802e+00 5.851287228825609033e-01
4.715302527703338242e+00 5.861676196675112971e-01
4.723362873904540571e+00 5.871429131540377711e-01
4.731423220105742899e+00 5.880575124302165335e-01
4.739483566306946116e+00 5.889143496035442737e-01
4.747543912508147557e+00 5.897163538617532508e-01
4.755604258709349885e+00 5.904664292344492527e-01
4.763664604910553102e+00 5.911674358083194303e-01
4.771724951111754542e+00 5.918221741532697644e-01
4.779785297312956871e+00 5.924333726880710582e-01
4.787845643514159200e+00 5.930036777567435635e-01
4.795905989715361528e+00 5.935356460472204221e-01
4.803966335916564745e+00 5.940317391758458410e-01
4.812026682117766185e+00 5.944943201028674018e-01
4.820087028318967626e+00 5.949256511798620695e-01
4.828147374520170843e+00 5.953278935925625515e-01
4.836207720721373171e+00 5.957031079492953740e-01
4.844268066922575500e+00 5.960532559096701766e-01
4.852328413123777828e+00 5.963802026072085871e-01
4.860388759324981045e+00 5.966857197538775193e-01
4.868449105526182485e+00 5.969714892977520115e-01
4.876509451727383926e+00 5.972391075057859045e-01
4.884569797928587143e+00 5.974900893866893492e-01
4.892630144129789471e+00 5.977258733568721061e-01
4.900690490330990912e+00 5.979478261215277479e-01
4.908750836532194128e+00 5.981572476455625509e-01
4.916811182733397345e+00 5.983553762197766357e-01
4.924871528934597897e+00 5.985433935923960558e-01
4.932931875135800226e+00 5.987224300843381197e-01
4.940992221337003443e+00 5.988935697109636358e-01
4.949052567538204883e+00 5.990578552977178228e-01
4.957112913739407212e+00 5.992162935473464014e-01
4.965173259940610428e+00 5.993698600667253240e-01
4.973233606141811869e+00 5.995195043734271589e-01
4.981293952343015086e+00 5.996661548556487809e-01
4.989354298544216526e+00 5.998107236912830764e-01
4.997414644745419743e+00 5.999541117504412213e-01
5.005474990946621183e+00 6.000972134800165447e-01
5.013535337147823512e+00 6.002409217665256591e-01
5.021595683349025840e+00 6.003861327964588046e-01
5.029656029550228169e+00 6.005337509374103488e-01
5.037716375751431386e+00 6.006846936107950174e-01
5.045776721952632826e+00 6.008398962064986915e-01
5.053837068153834267e+00 6.010003170317119725e-01
5.061897414355037483e+00 6.011669422636640725e-01
5.069957760556239812e+00 6.013407909681777186e-01
5.078018106757441252e+00 6.015229201538149217e-01
5.086078452958644469e+00 6.017144298531974522e-01
5.094138799159846798e+00 6.019164682298555613e-01
5.102199145361049126e+00 6.021302367109355735e-01
5.110259491562250567e+00 6.023569951195774097e-01
5.118319837763453783e+00 6.025980667612196306e-01
5.126380183964656112e+00 6.028548434768032926e-01
5.134440530165857552e+00 6.031287905998795607e-01
5.142500876367060769e+00 6.034214517396202515e-01
5.150561222568263098e+00 6.037344533888859832e-01
5.158621568769465426e+00 6.040695092303184355e-01
5.166681914970666867e+00 6.044284240595901858e-01
5.174742261171870084e+00 6.048130972992955545e-01
5.182802607373071524e+00 6.052255258470652377e-01
5.190862953574274741e+00 6.056678062242859539e-01
5.198923299775477069e+00 6.061421358726772901e-01
5.206983645976678510e+00 6.066508133433851091e-01
5.215043992177880838e+00 6.071962372722455870e-01
5.223104338379083167e+00 6.077809038639254702e-01
5.231164684580284607e+00 6.084074026709267446e-01
5.239225030781487824e+00 6.090784104520821085e-01
5.247285376982691041e+00 6.097966827725951333e-01
5.255345723183892481e+00 6.105650431277157564e-01
5.263406069385094810e+00 6.113863693153847034e-01
5.271466415586297138e+00 6.122635767273381102e-01
5.279526761787500355e+00 6.131995983382149129e-01
5.287587107988700907e+00 6.141973611791754495e-01
5.295647454189904124e+00 6.152597590426194252e-01
5.303707800391106453e+00 6.163896213101049959e-01
5.311768146592307893e+00 6.175896778504827989e-01
5.319828492793511110e+00 6.188625199857069603e-01
5.327888838994713439e+00 6.202105577029305428e-01
5.335949185195914879e+00 6.216359733898999540e-01
5.344009531397117208e+00 6.231406725165444804e-01
5.352069877598319536e+00 6.247262319001893882e-01
5.360130223799522753e+00 6.263938463946442381e-01
5.368190570000725081e+00 6.281442749482079035e-01
5.376250916201927410e+00 6.299777872782766908e-01
5.384311262403129739e+00 6.318941125489706545e-01
5.392371608604331179e+00 6.338923915803788001e-01
5.400431954805533508e+00 6.359711342735385742e-01
5.408492301006735836e+00 6.381281839966245206e-01
5.416552647207938165e+00 6.403606906749065297e-01
5.424612993409141382e+00 6.426650942730165461e-01
5.432673339610343710e+00 6.450371201557076883e-01
5.440733685811545151e+00 6.474717876551399076e-01
5.448794032012747479e+00 6.499634327401343503e-01
5.456854378213950696e+00 6.525057453097764526e-01
5.464914724415151248e+00 6.550918211454127560e-01
5.472975070616354465e+00 6.577142280279437703e-01
5.481035416817557682e+00 6.603650849718889493e-01
5.489095763018758234e+00 6.630361529425526923e-01
5.497156109219961451e+00 6.657189350197947331e-01
5.505216455421163779e+00 6.684047834772617325e-01
5.513276801622366996e+00 6.710850109538899488e-01
5.521337147823567548e+00 6.737510026862033596e-01
5.529397494024770765e+00 6.763943267993217656e-01
5.537457840225973094e+00 6.790068396351238711e-01
5.545518186427174534e+00 6.815807833530486137e-01
5.553578532628375974e+00 6.841088734890383716e-01
5.561638878829579191e+00 6.865843744595356846e-01
5.569699225030781520e+00 6.890011615834553682e-01
5.577759571231983848e+00 6.913537687624073946e-01
5.585819917433186177e+00 6.936374214482281531e-01
5.593880263634388506e+00 6.958480550744555737e-01
5.601940609835590834e+00 6.979823196097190152e-01
5.610000956036792275e+00 7.000375713159860958e-01
5.618061302237995491e+00 7.020118529768812898e-01
5.626121648439196932e+00 7.039038642412710489e-01
5.634181994640400148e+00 7.057129238000838800e-01
5.642242340841602477e+00 7.074389250816115471e-01
5.650302687042803917e+00 7.090822872540702981e-01
5.658363033244006246e+00 7.106439031682458829e-01
5.666423379445209463e+00 7.121250857048748717e-01
5.674483725646410015e+00 7.135275139018587565e-01
5.682544071847613232e+00 7.148531800191406660e-01
5.690604418048816449e+00 7.161043384291212455e-01
5.698664764250017001e+00 7.172834571555196659e-01
5.706725110451220218e+00 7.183931725842305216e-01
5.714785456652422546e+00 7.194362477503206676e-01
5.722845802853623987e+00 7.204155344633689229e-01
5.730906149054826315e+00 7.213339393605668892e-01
5.738966495256029532e+00 7.221943938942116947e-01
5.747026841457231860e+00 7.229998281370435542e-01
5.755087187658434189e+00 7.237531483372057206e-01
5.763147533859636518e+00 7.244572179050547955e-01
5.771207880060838846e+00 7.251148416306453237e-01
5.779268226262040287e+00 7.257287528947446997e-01
5.787328572463242615e+00 7.263016035443223828e-01
5.795388918664444944e+00 7.268359562128590134e-01
5.803449264865648161e+00 7.273342787381291696e-01
5.811509611066850489e+00 7.277989404821608721e-01
5.819569957268052818e+00 7.282322102893781235e-01
5.827630303469254258e+00 7.286362558216710195e-01
5.835690649670456587e+00 7.290131440994890299e-01
5.843750995871659804e+00 7.293648430695520712e-01
5.851811342072861244e+00 7.296932239710620660e-01
5.859871688274063573e+00 7.300000643987215598e-01
5.867932034475266789e+00 7.302870519441292396e-01
5.875992380676469118e+00 7.305557882436191086e-01
5.884052726877670558e+00 7.308077933709545837e-01
5.892113073078872887e+00 7.310445105259794074e-01
5.900173419280076104e+00 7.312673108596599025e-01
5.908233765481276656e+00 7.314774984564390570e-01
5.916294111682479873e+00 7.316763154290031324e-01
5.924354457883683089e+00 7.318649469867661850e-01
5.932414804084884530e+00 7.320445265944350854e-01
5.940475150286086858e+00 7.322161410863353703e-01
5.948535496487289187e+00 7.323808357816281589e-01
5.956595842688490627e+00 7.325396195500216701e-01
5.964656188889693844e+00 7.326934698342754126e-01
5.972716535090896173e+00 7.328433376858689563e-01
5.980776881292097613e+00 7.329901526921132060e-01
5.988837227493300830e+00 7.331348279278511182e-01
5.996897573694502270e+00 7.332782648431692696e-01
6.004957919895705487e+00 7.334213581468806975e-01
6.013018266096906927e+00 7.335650006853984273e-01
6.021078612298110144e+00 7.337100882776973476e-01
6.029138958499311585e+00 7.338575246243250749e-01
6.037199304700513913e+00 7.340082261698206434e-01
6.045259650901717130e+00 7.341631269955533057e-01
6.053319997102919459e+00 7.343231837939402373e-01
6.061380343304120899e+00 7.344893807982865175e-01
6.069440689505323228e+00 7.346627348137524383e-01
6.077501035706526444e+00 7.348443002743187957e-01
6.085561381907727885e+00 7.350351742866364502e-01
6.093621728108930213e+00 7.352365017808353276e-01
6.101682074310133430e+00 7.354494806104612259e-01
6.109742420511335759e+00 7.356753666915309964e-01
6.117802766712536311e+00 7.359154791185017475e-01
6.125863112913739528e+00 7.361712051756337249e-01
6.133923459114941856e+00 7.364440053327894198e-01
6.141983805316144185e+00 7.367354180566074717e-01
6.150044151517346513e+00 7.370470643744231332e-01
6.158104497718549730e+00 7.373806522481085590e-01
6.166164843919751171e+00 7.377379805364391308e-01
6.174225190120952611e+00 7.381209424858075074e-01
6.182285536322155828e+00 7.385315286634797083e-01
6.190345882523357268e+00 7.389718291619826740e-01
6.198406228724560485e+00 7.394440349301412141e-01
6.206466574925762814e+00 7.399504380469872356e-01
6.214526921126964254e+00 7.404934307813679784e-01
6.222587267328167471e+00 7.410755031892988232e-01
6.230647613529369799e+00 7.416992390035931360e-01
6.238707959730570352e+00 7.423673096070740884e-01
6.246768305931773568e+00 7.430824658111310210e-01
6.254828652132976785e+00 7.438475271358593321e-01
6.262888998334179114e+00 7.446653683641835109e-01
6.270949344535380554e+00 7.455389030272728812e-01
6.279009690736583771e+00 7.464710636492701834e-01
6.287070036937786988e+00 7.474647784242482995e-01
6.295130383138987540e+00 7.485229441609400070e-01
6.303190729340188980e+00 7.496483953928871902e-01
6.311251075541392197e+00 7.508438694996124596e-01
6.319311421742594526e+00 7.521119679371254252e-01
6.327371767943796854e+00 7.534551136765816892e-01
6.335432114145000071e+00 7.548755051606002020e-01
6.343492460346201511e+00 7.563750671538717052e-01
6.351552806547403840e+00 7.579553991417060654e-01
6.359613152748605280e+00 7.596177221013485914e-01
6.367673498949808497e+00 7.613628245582001464e-01
6.375733845151010826e+00 7.631910091853874034e-01
6.383794191352213154e+00 7.651020413032524337e-01
6.391854537553416371e+00 7.670951008113018332e-01
6.399914883754617811e+00 7.691687392420987202e-01
6.407975229955821028e+00 7.713208436306178140e-01
6.416035576157021580e+00 7.735486090013308225e-01
6.424095922358223909e+00 7.758485211300639728e-01
6.432156268559427126e+00 7.782163511180593130e-01
6.440216614760629454e+00 7.806471630662579209e-01
6.448276960961830895e+00 7.831353358116385222e-01
6.456337307163034112e+00 7.856745992935481038e-01
6.464397653364237328e+00 7.882580855723568813e-01
6.472457999565437881e+00 7.908783940519656941e-01
6.480518345766640209e+00 7.935276699220940033e-01
6.488578691967843426e+00 7.961976942086799180e-01
6.496639038169044866e+00 7.988799833706511366e-01
6.504699384370247195e+00 8.015658960493017293e-01
6.512759730571450412e+00 8.042467440503702214e-01
6.520820076772651852e+00 8.069139046090141321e-01
6.528880422973855069e+00 8.095589308958629493e-01
6.536940769175056509e+00 8.121736577290127324e-01
6.545001115376259726e+00 8.147502997715379003e-01
6.553061461577459390e+00 8.172815397923193226e-01
6.561121807778661719e+00 8.197606049838724873e-01
6.569182153979864935e+00 8.221813298903366540e-01
6.577242500181067264e+00 8.245382050217473502e-01
6.585302846382270481e+00 8.268264107561749121e-01
6.593363192583471921e+00 8.290418367009171341e-01
6.601423538784674250e+00 8.311810871136442458e-01
6.609483884985875690e+00 8.332414734204989237e-01
6.617544231187078907e+00 8.352209951539653066e-01
6.625604577388281236e+00 8.371183108896849134e-01
6.633664923589482676e+00 8.389327008727404111e-01
6.641725269790685893e+00 8.406640230924620205e-01
6.649785615991888221e+00 8.423126645316260097e-01
6.657845962193090550e+00 8.438794892504279943e-01
6.665906308394291990e+00 8.453657848069267011e-01
6.673966654595495207e+00 8.467732083585846059e-01
6.682027000796695759e+00 8.481037336256890269e-01
6.690087346997898976e+00 8.493595996550162841e-01
6.698147693199102193e+00 8.505432621601464183e-01
6.706208039400304521e+00 8.516573480130451568e-01
6.714268385601506850e+00 8.527046133071756184e-01
6.722328731802708290e+00 8.536879052207753116e-01
6.730389078003909731e+00 8.546101278137270274e-01
6.738449424205112948e+00 8.554742117659213108e-01
6.746509770406315276e+00 8.562830879623745117e-01
6.754570116607518493e+00 8.570396647839650939e-01
6.762630462808720821e+00 8.577468088896360587e-01
6.770690809009923150e+00 8.584073292471364747e-01
6.778751155211124590e+00 8.590239641466672627e-01
6.786811501412326031e+00 8.595993709273337391e-01
6.794871847613529248e+00 8.601361181294708835e-01
6.802932193814731576e+00 8.606366798012359265e-01
6.810992540015933905e+00 8.611034317032859597e-01
6.819052886217137122e+00 8.615386491564376303e-01
6.827113232418338562e+00 8.619445063078590152e-01
6.835173578619540891e+00 8.623230766037099926e-01
6.843233924820742331e+00 8.626763342793253297e-01
6.851294271021945548e+00 8.630061566902125225e-01
6.859354617223147876e+00 8.633143273403257600e-01
6.867414963424350205e+00 8.636025394728273907e-01
6.875475309625552534e+00 8.638724001064079783e-01
6.883535655826754862e+00 8.641254344185766989e-01
6.891596002027955414e+00 8.643630903870634929e-01
6.899656348229158631e+00 8.645867436374751192e-01
6.907716694430361848e+00 8.647977024140831581e-01
6.915777040631563288e+00 8.649972126380602866e-01
6.923837386832765617e+00 8.651864630223683461e-01
6.931897733033968834e+00 8.653665901967557694e-01
6.939958079235171162e+00 8.655386838352931989e-01
6.948018425436371714e+00 8.657037917634102797e-01
6.956078771637574931e+00 8.658629250310827530e-01
6.964139117838776372e+00 8.660170629571511958e-01
6.972199464039979588e+00 8.661671581275198761e-01
6.980259810241181917e+00 8.663141413608190788e-01
6.988320156442384246e+00 8.664589266407831669e-01
6.996380502643587462e+00 8.666024160148697586e-01
7.004440848844788903e+00 8.667455044786355201e-01
7.012501195045991231e+00 8.668890848424328777e-01
7.020561541247192672e+00 8.670340525977312529e-01
7.028621887448395888e+00 8.671813107836732204e-01
7.036682233649598217e+00 8.673317748708850861e-01
7.044742579850800546e+00 8.674863776677604887e-01
7.052802926052003762e+00 8.676460742531200143e-01
7.060863272253205203e+00 8.678118469432847260e-01
7.068923618454405755e+00 8.679847102996293140e-01
7.076983964655608972e+00 8.681657161708344894e-01
7.085044310856812189e+00 8.683559587733121754e-01
7.093104657058014517e+00 8.685565797997480963e-01
7.101165003259216846e+00 8.687687735428289981e-01
7.109225349460420063e+00 8.689937920310060182e-01
7.117285695661621503e+00 8.692329501252352708e-01
7.125346041862822943e+00 8.694876305765092406e-01
7.133406388064025272e+00 8.697592889903914548e-01
7.141466734265228489e+00 8.700494586458993318e-01
7.149527080466430817e+00 8.703597551215797035e-01
7.157587426667632258e+00 8.706918806441963365e-01
7.165647772868834586e+00 8.710476280822656570e-01
7.173708119070037803e+00 8.714288844858089078e-01
7.181768465271239243e+00 8.718376340480040732e-01
7.189828811472441572e+00 8.722759603578578158e-01
7.197889157673643012e+00 8.727460477930210070e-01
7.205949503874846229e+00 8.732501818755025180e-01
7.214009850076049446e+00 8.737907484030701388e-01
7.222070196277250886e+00 8.743702311387517856e-01
7.230130542478454103e+00 8.749912078304620255e-01
7.238190888679655544e+00 8.756563443076277320e-01
7.246251234880856096e+00 8.763683863997545620e-01
7.254311581082059313e+00 8.771301493912271319e-01
7.262371927283262529e+00 8.779445047413947378e-01
7.270432273484465746e+00 8.788143637977272604e-01
7.278492619685667187e+00 8.797426582243240700e-01
7.286552965886868627e+00 8.807323169194944956e-01
7.294613312088071844e+00 8.817862392133781757e-01
7.302673658289273284e+00 8.829072642011814853e-01
7.310734004490475613e+00 8.840981361306893271e-01
7.318794350691678829e+00 8.853614658710393659e-01
7.326854696892881158e+00 8.866996885871171186e-01
7.334915043094083487e+00 8.881150178841663578e-01
7.342975389295284927e+00 8.896093968567058141e-01
7.351035735496488144e+00 8.911844466220101291e-01
7.359096081697689584e+00 8.928414131371711360e-01
7.367156427898891913e+00 8.945811132819754263e-01
7.375216774100095130e+00 8.964038813777973624e-01
7.383277120301297458e+00 8.983095175127094878e-01
7.391337466502500675e+00 9.002972392076591390e-01
7.399397812703701227e+00 9.023656380743980687e-01
7.407458158904902668e+00 9.045126432058042676e-01
7.415518505106105884e+00 9.067354930521988043e-01
7.423578851307308213e+00 9.090307174713955218e-01
7.431639197508510541e+00 9.113941315021005796e-01
7.439699543709712870e+00 9.138208421643778667e-01
7.447759889910916087e+00 9.163052692788666853e-01
7.455820236112117527e+00 9.188411808691679949e-01
7.463880582313318968e+00 9.214217432523323925e-01
7.471940928514522184e+00 9.240395853823750727e-01
7.480001274715723625e+00 9.266868764577695927e-01
7.488061620916925953e+00 9.293554152773918497e-01
7.496121967118129170e+00 9.320367293109105278e-01
7.504182313319331499e+00 9.347221810249373153e-01
7.512242659520533827e+00 9.374030786749305566e-01
7.520303005721735268e+00 9.400707885688045495e-01
7.528363351922938485e+00 9.427168457388048761e-01
7.536423698124139925e+00 9.453330600291045549e-01
7.544484044325342254e+00 9.479116148202600955e-01
7.552544390526545470e+00 9.504451559489972556e-01
7.560604736727746022e+00 9.529268688114234109e-01
7.568665082928949239e+00 9.553505421440580125e-01
7.576725429130151568e+00 9.577106175225895690e-01
7.584785775331353008e+00 9.600022241661866351e-01
7.592846121532555337e+00 9.622211991626365979e-01
7.600906467733758554e+00 9.643640937069348773e-01
7.608966813934960882e+00 9.664281663504211695e-01
7.617027160136162323e+00 9.684113645794131253e-01
7.625087506337365539e+00 9.703122962757231296e-01
7.633147852538567868e+00 9.721301927574221846e-01
7.641208198739769308e+00 9.738648651479602236e-01
7.649268544940971637e+00 9.755166558110286434e-01
7.657328891142174854e+00 9.770863865038772467e-01
7.665389237343375406e+00 9.785753047737818511e-01
7.673449583544578623e+00 9.799850299541792431e-01
7.681509929745781839e+00 9.813174999333021953e-01
7.689570275946983280e+00 9.825749196680562125e-01
7.697630622148185608e+00 9.837597122214642997e-01
7.705690968349387937e+00 9.848744729138597664e-01
7.713751314550589377e+00 9.859219270002420599e-01
7.721811660751791706e+00 9.869048911373602406e-01
7.729872006952994923e+00 9.878262387645944109e-01
7.737932353154196363e+00 9.886888694104877251e-01
7.745992699355399580e+00 9.894956818449509584e-01
7.754053045556601909e+00 9.902495509280130337e-01
7.762113391757804237e+00 9.909533079481083195e-01
7.770173737959005678e+00 9.916097242066462814e-01
7.778234084160208894e+00 9.922214975849712459e-01
7.786294430361411223e+00 9.927912418151917384e-01
7.794354776562612663e+00 9.933214781728887388e-01
7.802415122763815880e+00 9.938146293178856672e-01
7.810475468965018209e+00 9.942730150173993975e-01
7.818535815166220537e+00 9.946988495012190068e-01
7.826596161367421089e+00 9.950942402146836230e-01
7.834656507568625194e+00 9.954611877579384593e-01
7.842716853769826635e+00 9.958015868148084593e-01
7.850777199971028963e+00 9.961172278952629133e-01
7.858837546172233068e+00 9.964097997392384887e-01
7.866897892373433621e+00 9.966808922434566842e-01
7.874958238574636837e+00 9.969319997905462527e-01
7.883018584775837390e+00 9.971645248763341129e-01
7.891078930977041495e+00 9.973797819500671569e-01
7.899139277178242935e+00 9.975790013884389129e-01
7.907199623379445264e+00 9.977633335395728054e-01
7.915259969580647592e+00 9.979338527873631293e-01
7.923320315781849921e+00 9.980915615898648952e-01
7.931380661983053137e+00 9.982373944562350498e-01
7.939441008184253690e+00 9.983722218354729172e-01
7.947501354385456018e+00 9.984968538952396777e-01
7.955561700586658347e+00 9.986120441714361196e-01
7.963622046787861564e+00 9.987184930772501357e-01
7.971682392989063892e+00 9.988168512663661014e-01
7.979742739190266221e+00 9.989077228397552632e-01
7.987803085391468549e+00 9.989916683961403976e-01
7.995863431592669990e+00 9.990692079264205105e-01
8.003923777793872318e+00 9.991408235507825975e-01
8.011984123995073759e+00 9.992069621021673065e-01
8.020044470196278752e+00 9.992680375617815081e-01
8.028104816397480192e+00 9.993244333462775186e-01
8.036165162598681633e+00 9.993765044560498634e-01
8.044225508799884850e+00 9.994245794902927305e-01
8.052285855001084514e+00 9.994689625307459080e-01
8.060346201202289507e+00 9.995099349040461600e-01
