    1     1  1  0  0  1  0       1       1   1   5   5   1   8    12    30    1  1  0   -1  0  0    1  2  0  
    1     1  1  0  0  1  0       2       1   1   5   5   1   8    12    30    1  1  0   -1  0  0   -1  1  0  
    1     1  1  0  0  1  0       3       1   1   5   5   1  14    24    30    1  1  0   -1  0  0    2  1  0  
    1     1  1  0  0  1  0       4       1   1   8   8   1  18    12    30    1  1  0   -1 -1  0    2  2  0  
    1     1  1  0  0  1  0       5       1   5   1   1   8  14    24    30    1  1  0   -1  0  0    2  2  0  
    1     1  1  0  0  1  0       6       1   5   1   1   8  14    24    30    1  1  0   -1  0  0   -2  0  0  
    2     1  1  0  0  2  0       1       1   1   3   5   2   6    48    29    1  1  0   -1  0  0    0  1  1  
    2     1  1  0  0  2  0       2       1   1   3   5   2   9    48    29    1  1  0   -1  0  0   -2 -1  1  
    2     1  1  0  0  2  0       3       1   1   3   8   2   9    48    29    1  1  0   -1 -1  0    0  1  1  
    2     1  1  0  0  2  0       4       1   1   6   5   2   9    48    30    1  1  0   -1  0  0   -2  0  1  
    2     1  1  0  0  2  0       5       1   1   6   5   2  11    48    30    1  1  0   -1  0  0    1  1  1  
    2     1  1  0  0  2  0       6       1   1   6   8   2  15    48    30    1  1  0   -1 -1  0    1  1  1  
    3     1  1  1  0  0  0       1       1   1   1   5   5   5     8    30    1  1  0   -1  0  0    0 -1  0  
    4     1  1  1  1  0  0       1       1   1   1   1   5   8    24    27    1  1  0    0  1  0    0 -1  0  
    4     1  1  1  1  0  0       2       1   1   1   1   5   8    24    29    1  1  0    1  0  0   -1  0  0  
    5     1  1  1  1  1  0       1       1   1   1   1   1   5    12    26    1  1  0    0  1  0    1  0  0  
    6     1  1  2  0  0  0       1       1   1   2   5   3   6    48    29    1  1  0   -1  0  0   -1 -1  1  
    6     1  1  2  0  0  0       2       1   1   2   8   3   3    24    28    1  1  0   -1 -1  0   -1  0  1  
    7     1  1  2  0  2  0       1       1   1   2   5   2   3    48    27    1  1  0   -1  0  0   -1  0  1  
    7     1  1  2  0  2  0       2       1   1   2   5   2   6    48    28    1  1  0   -1  0  0    0  0  1  
    7     1  1  2  0  2  0       3       1   1   2   8   2   6    48    28    1  1  0   -1 -1  0    0  0  1  
    8     1  1  2  1  0  0       1       1   1   2   1   3   6    48    28    1  1  0    1  0  0   -1  0  1  
    8     1  1  2  1  0  0       2       1   1   2   1   6   6    24    27    1  1  0    0  1  0   -1 -1  1  
    9     1  1  2  1  2  0       1       1   1   2   1   2   3    24    25    1  1  0    0  1  0    0  0  1  
   10     1  1  2  1  2  2       1       1   1   2   1   2   2     8    25    1  1  0    1  0  0    0  0  1  
   11     1  2  0  0  0  2       1       1   2   4   3   7   2    48    29    1  1  0   -1  0  1    0  0  2  
   11     1  2  0  0  0  2       2       1   2   4   6   7   2    48    30    1  1  0   -1 -1  1    0  0  2  
   11     1  2  0  0  0  2       3       1   2   7   3   7   2    48    29    1  1  0   -1  0  1    0  1  2  
   11     1  2  0  0  0  2       4       1   2   7   3  10   2    48    29    1  1  0   -1  0  1   -1  0  2  
   11     1  2  0  0  0  2       5       1   2   7   6  10   2    48    30    1  1  0   -1 -1  1    0 -1  2  
   11     1  2  0  0  0  2       6       1   2   7   6  13   2    48    30    1  1  0   -1 -1  1   -1 -1  2  
   12     1  2  0  0  2  0       1       1   2   3   3   2   7    24    28    1  1  0   -1  0  1    0  1 -1  
   12     1  2  0  0  2  0       2       1   2   6   6   2   8    24    30    1  1  0   -1 -1  1    1  1  1  
   12     1  2  0  0  2  0       3       1   2   6   6   2  13    24    30    1  1  0   -1 -1  1    1  1 -1  
   12     1  2  0  0  2  0       4       1   3   2   2   6   5    48    29    1  1  0   -1  0  1    1  1  1  
   12     1  2  0  0  2  0       5       1   3   2   2   6  10    48    29    1  1  0   -1  0  1    1  1 -1  
   13     1  2  0  0  2  1       1       1   2   3   3   2   1    12    26    1  1  0   -1  0  1    0  1  1  
   14     1  2  0  2  0  2       1       1   2   4   2   7   2    48    28    1  1  0    0  0  1    0  0  2  
   14     1  2  0  2  0  2       2       1   2   7   2   7   2    24    28    1  1  0    0  0  1    1  0  2  
   15     1  2  2  0  0  0       1       1   2   2   3   3   4    24    28    1  1  0   -1  0  1   -1  0 -1  
   15     1  2  2  0  0  0       2       1   2   2   3   6   7    48    29    1  1  0   -1  0  1   -1 -1 -1  
   15     1  2  2  0  0  0       3       1   2   2   6   6   4    24    30    1  1  0   -1 -1  1   -1 -1 -1  
   16     1  2  2  2  0  0       1       1   2   2   2   3   7    48    27    1  1  0    0  0  1   -1  0 -1  
   16     1  2  2  2  0  0       2       1   2   2   2   6   7    48    28    1  1  0    0  0  1   -1 -1 -1  
   17     1  2  2  2  2  0       1       1   2   2   2   2   4    12    26    1  1  0    0  0  1    0  0 -1  
   18     2  1  0  0  1  0       1       2   1   3   3   1   9    24    28    1  1  0   -1  0  1   -2 -1  1  
   18     2  1  0  0  1  0       2       2   1   6   6   1  11    24    30    1  1  0   -1 -1  1   -1 -2  1  
   18     2  1  0  0  1  0       3       2   1   6   6   1  15    24    30    1  1  0   -1 -1  1   -2 -2  1  
   18     2  1  0  0  1  0       4       2   3   1   1   6   6    48    29    1  1  0   -1  0  1   -1  1  1  
   18     2  1  0  0  1  0       5       2   3   1   1   6   9    48    29    1  1  0   -1  0  1   -2  0  1  
   19     2  1  2  2  1  0       1       2   1   2   2   1   3    24    26    1  1  0    0  0  1   -1  0  1  
   19     2  1  2  2  1  0       2       2   1   2   2   1   6    24    26    1  1  0    0  0  1   -1 -1  1  
   20     2  2  0  0  2  0       1       2   2   4   4   2  12    12    30    0  0  1    0  0 -1    0  0  2  
   20     2  2  0  0  2  0       2       2   2   7   7   2  16    24    30    0  0  1   -1  0 -1    1  1  2  
   20     2  2  0  0  2  0       3       2   2   7   7   2  17    24    30    0  0  1   -1  0 -1    1  0  2  
   20     2  2  0  0  2  0       4       2   4   2   2   7  12    48    30    0  0  1    0  0 -1    1  1  2  
   21     2  2  1  1  0  0       1       2   2   1   1   3   6    48    27    1  1  0    0  0  1    0 -1  1  